Output from NeEstimator v2.1
Starting time: Thu Aug 29 11:28:22 2024

Mating Model: Random

Lowest allele frequencies used, ordered in each population:
    0.1000    0.0500    0.0200    0.0000
Input Names are shown up to 17 righmost characters.
Up to 17 righmost characters can be shown for population names.
------------------------------------------------------------------------------------------------------------------------------------------------------------
Input File Number   #Loci  Population #   Samp  Crit.  Weighted      #Indep.    r^2     Exp(r^2)       Ne^                 CIs for Ne^
then :Name                 then :Name     Size  Value  H. Mean       Alleles            Sample                    Parametric       Jackknife Samp  (Eff.df)
------------------------------------------------------------------------------------------------------------------------------------------------------------
1:genepop.gen          95
-------------------------
                           1:pop.1         15  0.1000     14.2          27  0.119461  0.086711        7.2       1.1  Infinite       0.6  Infinite        12
                                               0.0500     14.2          36  0.129432  0.087004        4.6       1.2  Infinite       1.0  Infinite        27
                                               0.0200     14.6          75  0.150378  0.084755        2.3       1.2       9.3       1.1      10.9        61
                                               0.0000     14.6          75  0.150378  0.084755        2.3       1.2       9.3       1.1      10.9        61
                           2:pop.2         23  0.1000     22.5         105  0.071697  0.050610       12.7       3.7      59.2       2.3  Infinite        41
                                               0.0500     22.7         170  0.063583  0.050340       21.4       8.4     187.6       4.3  Infinite        61
                                               0.0200     22.6         231  0.060891  0.050493       27.8      11.3     467.3       7.8  Infinite       106
                                               0.0000     22.6         231  0.060891  0.050493       27.8      11.3     467.3       7.8  Infinite       106
                           3:pop.3         30  0.1000     29.7          21  0.144970  0.037297        1.4       0.6       3.2       0.0  Infinite         1
                                               0.0500     29.8          45  0.109998  0.037170        2.1       1.1       5.6       0.8       9.6        19
                                               0.0200     29.8          55  0.094682  0.037143        2.7       1.5       8.1       1.2      10.8        32
                                               0.0000     29.8          55  0.094682  0.037143        2.7       1.5       8.1       1.7       6.4        94
                           4:pop.4         30  0.1000     29.2         105  0.043312  0.037720       53.3      13.3  Infinite      14.1  Infinite       117
                                               0.0500     29.4         208  0.045048  0.037564       39.4      15.6  Infinite      16.5     801.5       239
                                               0.0200     29.3         210  0.044923  0.037619       40.4      15.9  Infinite      15.0  Infinite       181
                                               0.0000     29.3         210  0.044923  0.037619       40.4      15.9  Infinite      15.0  Infinite       181
                           5:pop.5         32  0.1000     30.7         105  0.065104  0.035848        8.7       3.3      20.4       2.5      34.3        46
                                               0.0500     27.3         184  0.083931  0.038380        3.5       2.3       7.9       1.7      13.2        50
                                               0.0200     28.6         367  0.077795  0.036910        5.0       2.9       7.9       2.0      13.7        64
                                               0.0000     30.1         879  0.058755  0.035448       11.8       8.7      16.0       3.6      35.8        82
                           6:pop.6         30  0.1000     30.0          66  0.048215  0.036878       25.4       7.1  Infinite       8.2  Infinite        86
                                               0.0500     30.0          91  0.056786  0.036878       13.5       5.0      46.0       2.5  Infinite        32
                                               0.0200     29.9         120  0.059889  0.037057       11.5       4.8      28.5       4.6      30.0       110
                                               0.0000     29.9         120  0.059889  0.037057       11.5       4.8      28.5       5.2      26.8       135
                           7:pop.7         30  0.1000     29.3          36  0.041381  0.037802       84.3       7.5  Infinite       5.7  Infinite        28
                                               0.0500     29.0          65  0.039074  0.038192      347.7      14.5  Infinite      11.4  Infinite        47
                                               0.0200     28.9          66  0.038705  0.038234      651.6      15.2  Infinite      10.5  Infinite        41
                                               0.0000     28.9          66  0.038705  0.038234      651.6      15.2  Infinite      10.7  Infinite        42
                           8:pop.8         51  0.1000     50.0         378  0.023595  0.021223      138.4      52.2  Infinite      46.0  Infinite       270
                                               0.0500     50.1         465  0.024390  0.021186      101.9      47.8     953.7      40.3  Infinite       275
                                               0.0200     50.2         561  0.023593  0.021154      134.6      58.9  Infinite      49.4  Infinite       335
                                               0.0000     50.3         703  0.024313  0.021120      102.3      53.9     395.4      47.6    1063.1       453

-------------------------------------
Total number of populations =       8
-------------------------------------

Ending time: Thu Aug 29 11:28:22 2024
-------------------------------------

