Output from NeEstimator v2.1
Starting time: Mon Feb 18 15:39:47 2019

Mating Model: Monogamy

Lowest allele frequencies used, ordered in each population:
    0.1000    0.0500    0.0200    0.0000
Input Names are shown up to 17 righmost characters.
Up to 17 righmost characters can be shown for population names.
------------------------------------------------------------------------------------------------------------------------------------------------------------
Input File Number   #Loci  Population #   Samp  Crit.  Weighted      #Indep.    r^2     Exp(r^2)       Ne^                 CIs for Ne^
then :Name                 then :Name     Size  Value  H. Mean       Alleles            Sample                    Parametric       Jackknife Samp  (Eff.df)
------------------------------------------------------------------------------------------------------------------------------------------------------------
1:enepop_output.txt    95
-------------------------
                           1:ind-1         30  0.1000     30.0          66  0.048215  0.036878       52.3      16.2  Infinite      18.4  Infinite        86
                                               0.0500     30.0          91  0.056786  0.036878       28.8      12.6      93.7       6.8  Infinite        32
                                               0.0200     29.9         120  0.059828  0.037055       24.8      12.4      58.9      12.0      61.9       110
                                               0.0000     29.9         120  0.059828  0.037055       24.8      12.4      58.9      12.9      55.4       135
                           2:ind-31        23  0.1000     22.5         105  0.071548  0.050574       27.2      11.1     122.2       6.2  Infinite        41
                                               0.0500     22.7         170  0.063526  0.050320       44.6      18.8     384.0      11.6  Infinite        61
                                               0.0200     22.6         231  0.060867  0.050477       57.3      24.3     943.7      17.7  Infinite       106
                                               0.0000     22.6         231  0.060867  0.050477       57.3      24.3     943.7      17.7  Infinite       106
                           3:ind-54        30  0.1000     29.7          21  0.145071  0.037295        2.9       1.2      10.0       0.0  Infinite         1
                                               0.0500     29.8          45  0.110069  0.037168        4.2       2.3      13.5       1.6      21.0        19
                                               0.0200     29.8          55  0.094768  0.037140        7.8       2.9      18.0       2.4      23.2        32
                                               0.0000     29.8          55  0.094768  0.037140        7.8       2.9      18.0       3.4      15.0        94
                           4:ind-84        30  0.1000     29.3          36  0.041388  0.037798      170.0      16.9  Infinite      13.8  Infinite        28
                                               0.0500     29.0          65  0.039077  0.038190      694.8      30.7  Infinite      24.5  Infinite        47
                                               0.0200     28.9          66  0.038707  0.038232     1299.8      32.1  Infinite      22.7  Infinite        41
                                               0.0000     28.9          66  0.038707  0.038232     1299.8      32.1  Infinite      23.2  Infinite        42
                           5:ind-114       32  0.1000     30.7         105  0.064726  0.035779       19.9       9.3      43.2       5.0      71.8        46
                                               0.0500     27.3         184  0.081762  0.037289       11.3       6.5      18.2       3.5      28.7        50
                                               0.0200     28.6         367  0.076655  0.036274       12.8       8.9      17.9       4.1      29.4        64
                                               0.0000     30.1         879  0.058453  0.035284       25.8      19.8      34.0      10.8      73.7        82
                           6:ind-146       30  0.1000     29.2         105  0.043339  0.037701      107.4      28.2  Infinite      29.7  Infinite       117
                                               0.0500     29.4         208  0.045067  0.037548       80.0      32.8  Infinite      34.5    1483.5       239
                                               0.0200     29.3         210  0.044945  0.037602       82.0      33.4  Infinite      31.6  Infinite       181
                                               0.0000     29.3         210  0.044945  0.037602       82.0      33.4  Infinite      31.6  Infinite       181
                           7:ind-176       15  0.1000     14.2          27  0.120085  0.086411       15.9       2.3  Infinite       1.3  Infinite        12
                                               0.0500     14.2          36  0.130656  0.086519       11.4       2.3  Infinite       2.0  Infinite        27
                                               0.0200     14.6          75  0.151169  0.084520        6.0       2.4      19.8       2.2      22.7        61
                                               0.0000     14.6          75  0.151169  0.084520        6.0       2.4      19.8       2.2      22.7        61
                           8:ind-191       51  0.1000     50.0         378  0.023593  0.021221      278.3     105.9  Infinite      93.6  Infinite       270
                                               0.0500     50.1         465  0.024388  0.021183      205.3      97.2    1902.3      82.1  Infinite       275
                                               0.0200     50.2         561  0.023590  0.021152      270.6     119.3  Infinite     100.4  Infinite       335
                                               0.0000     50.3         703  0.024313  0.021118      205.9     109.2     790.2      96.7    2113.0       453

-------------------------------------
Total number of populations =       8
-------------------------------------

Ending time: Mon Feb 18 15:39:47 2019
-------------------------------------

